0
16
36
68
100
116
128
116
100
72
32
-4
-44
-72
-108
-120
-132
-124
-104
-80
-44
-4
40
72
104
116
128
116
100
72
32
-4
-44
-72
-108
-120
-132
-124
-104
-80
-44
-4
40
72
104
116
128
116
100
72
36
0
-40
-72
-108
-120
-132
-124
-104
-80
-44
-4
40
72
104
116
128
116
100
72
32
-4
-44
-72
-108
-120
-132
-124
-104
-80
-44
-4
40
72
104
116
128
116
100
72
32
-4
-44
-72
-108
-116
-132
-116
-104
-80
-44
-4
40
72
104
116
124
116
104
72
36
-4
-44
-72
-108
-120
-132
-124
-104
-80
-44
-4
36
68
100
116
128
116
104
72
36
-4
-44
-72
-108
-116
-132
-116
-104
-80
-44
-4
40
72
104
116
128
116
100
72
36
0
-40
-72
-108
-120
-132
-124
-104
-80
-44
-4
36
68
100
116
128
116
104
72
36
-4
-44
-72
-108
-116
-132
-116
-104
-80
-44
-4
40
72
104
116
124
116
104
72
36
-4
-44
-72
-108
-116
-132
-120
-104
-80
-44
