0
16
37
68
100
116
125
114
99
70
36
-3
-43
-77
-108
-122
-131
-121
-106
-75
-42
-2
38
71
101
116
125
114
100
70
36
-3
-43
-77
-108
-122
-131
-121
-106
-75
-42
-2
38
71
101
116
126
115
101
70
36
-2
-43
-76
-108
-122
-131
-121
-106
-75
-42
-2
38
71
101
116
126
115
101
70
36
-3
-43
-77
-108
-122
-131
-121
-106
-75
-42
-2
38
71
101
116
125
114
100
70
36
-3
-43
-76
-107
-121
-131
-121
-106
-77
-43
-4
37
71
101
115
124
114
100
70
36
-3
-43
-77
-108
-122
-131
-121
-106
-77
-42
-3
38
70
101
115
126
115
101
70
37
-3
-43
-76
-107
-121
-131
-121
-106
-77
-42
-3
38
71
101
116
125
114
100
70
36
-2
-43
-76
-108
-122
-131
-121
-106
-75
-42
-2
38
70
101
115
126
115
101
70
37
-3
-43
-77
-108
-121
-131
-121
-106
-76
-42
-2
38
71
101
115
124
114
100
70
37
-2
-43
-76
-108
-121
-131
-121
-106
-76
-42
