0
16
36
64
96
108
120
104
92
60
32
-12
-52
-84
-116
-128
-140
-128
-120
-84
-48
-8
32
60
92
104
120
104
92
60
32
-12
-52
-84
-116
-128
-140
-128
-120
-84
-48
-8
32
60
92
104
120
104
92
60
32
-12
-52
-84
-116
-128
-140
-128
-120
-84
-48
-8
32
60
92
104
120
104
92
60
32
-12
-52
-84
-116
-128
-140
-128
-120
-84
-48
-8
32
60
92
104
120
104
92
60
32
-12
-52
-84
-116
-128
-140
-128
-112
-80
-48
-12
28
64
92
104
120
104
92
60
32
-12
-52
-84
-116
-128
-140
-128
-120
-84
-52
-8
32
60
92
104
120
104
92
60
32
-12
-52
-84
-116
-128
-140
-128
-112
-80
-48
-12
28
60
92
104
120
104
92
60
32
-12
-52
-84
-116
-128
-140
-128
-120
-84
-48
-8
32
60
92
104
120
104
92
60
32
-12
-52
-84
-116
-128
-140
-128
-120
-84
-48
-8
32
60
92
104
120
104
92
60
32
-12
-52
-84
-116
-128
-140
-128
-120
-84
-48
