0
16
37
68
103
122
136
129
117
88
53
11
-32
-71
-108
-128
-143
-136
-124
-94
-60
-18
27
65
102
121
136
129
117
88
53
11
-32
-71
-108
-128
-143
-136
-124
-94
-60
-18
27
65
102
121
136
130
117
89
53
11
-32
-71
-108
-128
-143
-136
-124
-94
-60
-18
27
65
102
121
136
130
117
89
53
11
-32
-71
-108
-128
-143
-136
-124
-94
-60
-18
27
65
102
121
136
129
117
88
53
11
-32
-71
-106
-128
-141
-136
-124
-95
-60
-18
26
65
101
120
134
129
117
88
53
11
-32
-71
-108
-128
-143
-136
-124
-95
-60
-18
26
64
101
121
136
130
117
90
54
12
-32
-71
-106
-128
-141
-136
-124
-95
-60
-18
27
65
102
121
136
129
117
88
53
11
-32
-71
-108
-128
-143
-136
-124
-94
-60
-18
26
64
101
121
136
130
117
90
54
12
-32
-71
-107
-128
-141
-136
-124
-94
-60
-18
27
65
101
120
134
129
117
89
54
12
-32
-71
-107
-128
-141
-136
-124
-94
-60
