0
16
34
62
91
105
114
104
92
64
35
-1
-37
-67
-98
-109
-120
-109
-98
-71
-40
-5
33
62
91
105
114
104
92
64
35
-1
-37
-67
-98
-109
-120
-109
-98
-71
-40
-5
33
62
91
105
114
106
92
65
35
-1
-37
-67
-98
-109
-120
-109
-98
-71
-40
-5
33
62
91
105
114
106
92
65
35
-1
-37
-67
-98
-109
-120
-109
-98
-71
-40
-5
33
62
91
105
114
104
92
64
35
-1
-37
-67
-96
-108
-119
-109
-98
-71
-40
-5
32
62
91
104
114
104
92
64
35
-1
-37
-67
-98
-109
-120
-110
-98
-71
-40
-5
33
61
91
104
114
106
93
66
36
-1
-37
-67
-96
-108
-119
-109
-98
-71
-40
-5
33
62
91
105
114
104
92
64
35
-1
-37
-67
-98
-109
-120
-110
-98
-71
-40
-5
33
61
91
104
114
106
93
66
36
-1
-37
-67
-97
-108
-119
-109
-98
-71
-40
-5
33
62
91
104
114
104
93
65
36
-1
-37
-67
-97
-108
-119
-110
-98
-71
-40
